HOME
SQUARE:000,000,199,289

LINE:50,100,150,100
LINE:150,100,150,150
LINE:150,150,175,150
LINE:175,150,175,130
LINE:175,130,160,100
LINE:160,100,150,100
LINE:50,100,50,150
LINE:50,150,150,150
LINE:50,130,150,130
CIRCLE:150,165,15
CIRCLE:150,165,5
CIRCLE:80,165,15
CIRCLE:80,165,5

HOME


LINE:008,072,008,100
LINE:008,086,026,072
LINE:008,086,026,100


LINE:032,072,032,094
LINE:050,072,050,094
ARC:041,094,009,000,180
DOT:036,068
DOT:046,068


LINE:056,100,056,072
LINE:056,072,065,086
LINE:065,086,074,072
LINE:074,072,074,100


LINE:080,100,080,072
LINE:080,072,098,100
LINE:098,100,098,072


LINE:104,072,104,100
LINE:104,072,122,072
LINE:104,086,118,086
LINE:104,100,122,100


LINE:128,072,128,100
LINE:128,086,146,072
LINE:128,086,146,100


LINE:152,100,161,072
LINE:161,072,170,100
LINE:156,087,165,087


LINE:176,072,194,072
LINE:176,072,176,086
LINE:176,086,194,086
LINE:194,086,194,100
LINE:176,100,194,100